-0.052873
0.101067
0.0
-0.974837
-0.974837
-0.407018
-0.179458
-0.719951
0.0
0.511165
0.511165
1.183497
1.183497
0.465203
-0.796891
-0.796891
1.37404
-0.569631
0.0
0.0
-1.124455
-1.124455
-0.287906
-0.287906
0.199736
-0.036902
-0.036902
0.657639
-0.68922
0.0
0.0
-1.58523
-1.58523
-0.011282
-0.011282
0.139305
-0.863396
-0.863396
0.27017
-1.060234
0.0
0.0
-2.035711
-2.035711
0.660423
0.660423
-1.885874
-1.614662
-1.614662
-0.232027
-0.984761
0.0
0.0
1.111779
1.111779
-0.884198
-0.884198
-0.341343
1.508953
1.508953
1.44381
-1.240357
0.0
0.0
1.428653
1.428653
-0.45835
-0.45835
-1.553228
0.778216
0.778216
0.554608
-0.999983
0.0
0.0
2.396111
2.396111
-0.363759
-0.363759
-0.10791
0.19929
0.19929
0.234085
-0.475345
0.0
0.0
1.237969
1.237969
-0.209894
-0.209894
-2.109948
-0.614684
-0.614684
-0.998561
-0.131336
0.0
0.0
-1.756722
-1.756722
-0.036652
-0.036652
0.263895
0.035138
0.035138
0.837204
1.047289
0.0
0.0
-0.440653
-0.440653
0.67232
0.67232
0.006306
-0.428561
-0.428561
0.587774
0.839421
0.0
0.0
-0.726831
-0.726831
0.594171
0.594171
0.79146
-1.481946
-1.481946
-0.228663
0.71126
0.0
0.0
-1.33976
-1.33976
0.544715
0.544715
0.575444
-1.10982
-1.10982
-0.463146
0.680926
0.0
0.0
0.076754
0.076754
0.449659
0.449659
-0.130386
0.578406
0.578406
-0.368394
0.199409
0.0
0.0
0.0058
0.0058
0.2145
0.2145
0.098082
0.569665
0.569665
-0.111614
0.195325
0.0
0.0
0.360385
0.360385
0.056151
0.056151
1.240459
0.250487
0.250487
0.531316
-0.229013
0.0
0.0
-0.269891
-0.269891
0.760923
0.760923
0.571286
0.620223
0.620223
0.323165
-0.501522
0.0
0.0
0.0
0.0
0.0
0.0
0
0.0
0.0
0.0
0.0
0.0
0.0
-0.973297
-1.517832
-0.453346
-0.453346
-1.35665
-1.35665
-0.319844
2.032797
2.032797
0.0
0.0
0.945896
-1.754852
-1.754852
0.314092
0.382588
0.0
0.0
0.669178
0.177918
-0.191617
-0.191617
-1.446751
-1.446751
-2.235498
0.416799
0.416799
0.0
0.0
2.258616
-0.485983
-0.485983
-0.408149
0.632196
0.0
0.0
0.706408
0.003259
-0.350218
-0.350218
-1.308733
-1.308733
-0.680499
-1.504588
-1.504588
0.0
0.0
-0.443715
0.154559
0.154559
-0.242991
0.539668
0.0
0.0
0.145036
0.342461
-0.18831
-0.18831
-0.905206
-0.905206
-2.638375
-0.326686
-0.326686
0.0
0.0
0.675077
2.139107
2.139107
0.050625
-0.003828
0.0
0.0
0.018488
-0.475251
-0.372781
-0.372781
0.161216
0.161216
-1.137282
-0.376706
-0.376706
0.0
0.0
-0.540684
-0.297775
-0.297775
-0.569622
0.611884
0.0
0.0
-0.562622
0.39103
-0.210289
-0.210289
-0.286213
-0.286213
-1.953494
1.758026
1.758026
0.0
0.0
1.683122
0.866245
0.866245
0.114407
1.032409
0.0
0.0
0.129235
0.399899
-0.369571
-0.369571
0.512434
0.512434
-0.473485
0.047877
0.047877
0.0
0.0
-0.604989
-0.204267
-0.204267
0.474239
0.683348
0.0
0.0
-0.629421
0.076359
-0.206937
-0.206937
0.808301
0.808301
-1.085711
0.319198
0.319198
0.0
0.0
0.112797
-0.212971
-0.212971
0.946448
0.893716
0.0
0.0
-0.544803
0.316739
-0.317998
-0.317998
-1.251717
-1.251717
0.004937
0.352957
0.352957
0.0
0.0
-0.088727
-0.262761
-0.262761
-0.788304
0.451878
0.0
0.0
0.14092
-0.006335
-0.152381
-0.152381
-1.296922
-1.296922
-1.361357
1.229852
1.229852
0.0
0.0
0.63099
-1.218165
-1.218165
-1.401153
0.806139
0.0
0.0
0.272208
0.305119
-0.314799
-0.314799
-1.370692
-1.370692
-0.519217
-0.680797
-0.680797
0.0
0.0
-0.730121
-0.835515
-0.835515
-1.986385
0.863648
0.0
0.0
-0.170892
0.415478
-0.149005
-0.149005
-1.478502
-1.478502
-1.706865
-0.169729
-0.169729
0.0
0.0
0.392094
-0.446629
-0.446629
-2.007764
0.76449
0.0
0.0
-0.041941
0.262282
-0.337428
-0.337428
-0.484802
-0.484802
-0.049895
0.334297
0.334297
0.0
0.0
0.787791
0.26815
0.26815
0.564787
-0.007467
0.0
0.0
-0.002676
-0.706791
-0.171094
-0.171094
-0.674265
-0.674265
0.303669
-1.723622
-1.723622
0.0
0.0
1.006173
0.525933
0.525933
0.88053
0.115668
0.0
0.0
-0.732679
0.031378
-0.334165
-0.334165
-0.990909
-0.990909
0.107555
-1.875621
-1.875621
0.0
0.0
1.060715
0.613701
0.613701
0.533029
0.034128
0.0
0.0
-0.139269
-0.39445
-0.167679
-0.167679
0.156045
0.156045
-0.937521
1.189428
1.189428
0.0
0.0
0.048127
1.087414
1.087414
1.186758
-0.361651
0.0
0.0
0.0
0
0.0
0.0
1.067469
1.067469
-3.85679
-3.85679
0.0
0.0
1.090479
1.090479
0.549134
0.549134
0.0
0.0
0.030629
0.030629
0.0
0.0
-0.962313
-0.962313
0.0
0.0
1.289744
1.289744
0.0
0.0
1.771802
1.771802
1.313648
1.313648
0.0
0.0
0.090859
0.090859
0.0
0.0
-1.398029
-1.398029
0.0
0.0
-0.052073
-0.052073
0.0
0.0
-0.567092
-0.567092
1.198014
1.198014
0.0
0.0
2.499812
2.499812
0.0
0.0
-0.816943
-0.816943
0.001365
0.001365
0.0
0.0
1.553161
1.553161
0.0
0.0
1.546877
1.546877
2.06978
2.06978
0.0
0.0
-0.348994
-0.348994
0.0
0.0
-2.085775
-2.085775
0.0
0.0
0.286
0.286
1.248221
1.248221
0.0
0.0
0.739962
0.739962
0.0
0.0
-0.23424
-0.23424
0.523541
0.523541
0.0
0.0
1.788476
1.788476
0.0
0.0
-1.227948
-1.227948
-0.398108
-0.398108
0.0
0.0
-0.264265
-0.264265
0.600249
0.600249
0.0
0.22576
0.22576
0.147561
0.147561
-0.458728
-0.458728
-0.034762
-0.034762
-1.744002
-1.744002
-0.693827
-0.693827
-0.833422
-0.833422
-0.309467
-0.896712
-0.896712
-0.143562
-0.143562
-0.861383
-0.861383
1.363505
0.008136
0.008136
-0.75188
-0.75188
2.143041
1.671311
1.671311
-1.776067
-1.776067
0.169638
0.169638
-0.461777
-0.333887
-0.333887
-1.128474
-1.128474
0.143383
0.143383
0.420292
0.0
-1.92429
0.0
0
0.0
-2.068017
-2.068017
-1.474815
-1.474815
0.0
0.481332
0.481332
-0.216727
0.657025
0.657025
0.0
1.647686
1.647686
-0.689879
0.0
1.304522
1.304522
-0.409486
-2.444316
-2.444316
0.0
0.039968
0.039968
1.024311
-1.745936
-1.745936
-0.772033
-1.743822
-0.64022
0.51831
0.0
0.0
0.107099
0.107099
0.768389
2.184387
2.184387
1.082323
1.082323
0.451396
1.460103
1.460103
0.116462
0.116462
-2.199863
0.789466
0.789466
0.394774
0.394774
0.118715
-0.266722
-0.266722
-1.580562
0.046578
0.0
0.0
0.0
0.0
-0.506252
-0.506252
-1.266532
-0.615561
-0.615561
0.251487
0.251487
-0.645918
0.19948
0.19948
-0.084012
-0.084012
-0.084698
0.711248
0.711248
0.232427
0.232427
0.189403
0.077706
0.077706
0.92391
1.023965
0.0
0.0
0.0
0.0
0.540308
0.540308
0.183622
1.010934
1.010934
1.152231
1.152231
-0.448048
1.204404
1.204404
1.230373
1.230373
-0.221356
1.368039
1.368039
2.629556
2.629556
1.259749
0.372463
0.372463
2.48985
-1.48412
0.0
0.0
0.0
0.0
2.405223
2.405223
0.429285
-0.032109
-0.032109
0.735524
0.735524
-0.198482
0.097219
0.097219
0.220837
0.220837
-0.279772
-0.245202
-0.245202
-0.727601
-0.727601
-0.369528
-0.775125
-0.775125
0.101959
-0.088632
0.0
0.0
0.0
0
0.036176
0.0
0.0
0
0.392927
0.898867
0.898867
0.434488
-0.230611
-0.230611
0.292842
-0.65893
-0.65893
-0.987544
-0.909037
-0.909037
-0.953722
-0.430509
-0.430509
0.78237
0.78237
0.628105
0.628105
-0.715341
0.288598
-0.988885
-1.425843
-1.425843
-1.005285
1.135074
1.135074
0.171189
0.171189
0.562768
-1.50959
-1.50959
0.298941
0.298941
-1.693374
-1.693374
-1.309556
0.553049
1.546976
-0.452457
-0.452457
-1.408683
-1.408683
0.254898
-0.338062
-0.338062
-0.693817
-0.4773
0.392183
-0.884144
-0.842036
-1.302645
0.096252
0.096252
-0.55437
-0.614473
-0.493823
-0.493823
1.163519
1.163519
0.855277
0.855277
0.438448
0.438448
2.027898
2.027898
-0.13636
-0.099453
-0.099453
0.110768
0.110768
-0.024828
-0.024828
-0.574565
-0.574565
-0.804376
-0.184988
-0.184988
-0.445893
0.064495
0.064495
0.557556
0.557556
-0.141042
0.651479
0.0
0.0
0.59825
0.901292
0.901292
-0.852299
0.648633
0.648633
-0.680951
0.586413
0.586413
0.22995
0.22995
-1.528181
-1.528181
-1.028771
-0.049049
-1.854889
0.724728
0.724728
1.42987
0.709242
0.709242
0.062797
0.062797
-0.147716
-0.196459
-0.196459
1.094094
1.094094
-0.189638
-0.189638
-0.976608
-0.575055
1.115363
1.370712
1.370712
0.1054
0.1054
0.000658
-0.901454
-0.901454
-0.66249
-0.52472
-0.393969
-1.323076
-0.437026
0.551584
-0.111919
-0.111919
0.80906
-0.928449
-0.085685
-0.085685
2.149286
2.149286
1.027671
1.027671
0.394892
0.394892
0.655639
0.655639
0.898448
-0.251112
-0.251112
-0.832938
-0.832938
-1.453379
-1.453379
-0.825984
-0.825984
-0.150574
1.500138
1.500138
1.387649
0.151241
0.151241
-1.892984
-1.892984
0.250121
0.937905
0.0
0.0
-0.415775
1.493059
1.493059
-0.802249
1.454807
1.454807
-0.815444
1.403716
1.403716
-0.762664
-0.762664
-2.831668
-2.831668
-1.027921
-0.989974
-1.235534
1.57857
1.57857
1.114752
0.901026
0.901026
0.206581
0.206581
0.372831
-0.909813
-0.909813
1.799216
1.799216
2.00544
2.00544
-0.793723
-0.658928
0.06627
2.48674
2.48674
1.345051
1.345051
0.012883
-1.184478
-1.184478
-1.281154
-1.836271
-0.09685
-1.38675
-0.352183
-1.359777
-0.068474
-0.068474
0.100423
-1.154415
1.104436
1.104436
1.532178
1.532178
1.111583
1.111583
0.710488
0.710488
1.681558
1.681558
-0.097217
-0.399886
-0.399886
1.652674
1.652674
0.308896
0.308896
1.23321
1.23321
0.696253
1.265289
1.265289
2.097144
-1.444861
-1.444861
0.064528
0.064528
-0.237566
0.913388
0.0
0.0
0.470617
-1.009042
-1.009042
-0.950037
-0.706528
-0.706528
-1.009426
-1.310392
-1.310392
-0.627667
-0.627667
2.187062
2.187062
-0.851037
0.634345
-1.091015
-0.662394
-0.662394
-0.080415
1.281017
1.281017
-0.673797
-0.673797
-0.279747
-0.374155
-0.374155
-1.54932
-1.54932
0.837993
0.837993
-0.982737
1.459218
-0.576961
1.517191
1.517191
-1.407307
-1.407307
0.680865
-0.613765
-0.613765
-1.112981
0.204928
1.364836
-0.903758
0.032016
0.980109
1.813429
1.813429
-0.021709
0.889898
-0.072445
-0.072445
-0.160663
-0.160663
0.74539
0.74539
0.491331
0.491331
-0.034865
-0.034865
-0.497207
-0.089035
-0.089035
0.063285
0.063285
-0.573897
-0.573897
-1.874392
-1.874392
0.259573
-0.144879
-0.144879
-1.199303
0.170084
0.170084
-0.413037
-0.413037
0.671724
0.601846
0.0
0.0
0.0
0
-0.397855
0.389062
0.0
0.375728
0.375728
-0.097026
0.381213
0.660659
0.0
-1.354846
-1.354846
-1.39545
-1.39545
-1.415485
0.965403
0.965403
-0.623433
-0.997856
0.0
0.0
-0.456179
-0.456179
-2.068999
-2.068999
-2.501307
-0.180258
-0.180258
-0.57876
-0.41001
0.0
0.0
-0.79835
-0.79835
-2.454699
-2.454699
-0.997613
-0.269798
-0.269798
-0.771633
0.652126
0.0
0.0
-0.54271
-0.54271
-2.497621
-2.497621
-0.765213
-0.626073
-0.626073
-0.989339
0.715303
0.0
0.0
0.083531
0.083531
1.506227
1.506227
2.585984
0.124759
0.124759
-0.734004
-1.172853
0.0
0.0
-0.535975
-0.535975
1.71842
1.71842
2.371901
0.653319
0.653319
0.290661
-1.151554
0.0
0.0
0.198311
0.198311
1.618344
1.618344
1.059233
-0.099343
-0.099343
0.828594
-0.366705
0.0
0.0
0.348099
0.348099
1.278925
1.278925
1.292142
-0.196108
-0.196108
0.915877
0.16437
0.0
0.0
-0.601648
-0.601648
1.464984
1.464984
-0.084634
-0.476357
-0.476357
-0.777706
-0.069688
0.0
0.0
-1.563957
-1.563957
0.720395
0.720395
1.179487
-0.11355
-0.11355
-0.487742
-0.012501
0.0
0.0
-2.033038
-2.033038
1.055127
1.055127
0.312497
0.046408
0.046408
-1.543173
-0.066084
0.0
0.0
-1.271338
-1.271338
1.244176
1.244176
0.504552
0.161525
0.161525
-0.669185
-0.143358
0.0
0.0
-0.196959
-0.196959
-0.022699
-0.022699
1.46894
-1.022828
-1.022828
-0.439393
1.442675
0.0
0.0
-0.555814
-0.555814
-0.307956
-0.307956
-0.176964
-0.694462
-0.694462
-1.112444
0.918352
0.0
0.0
-0.594369
-0.594369
-0.116659
-0.116659
0.41057
-0.010056
-0.010056
-1.238272
0.228579
0.0
0.0
-0.001125
-0.001125
0.122377
0.122377
-1.239683
0.339062
0.339062
-0.64908
-0.065772
0.0
0.0
0.0
