-0.052873
0.101067
0.0
-0.974837
-0.974837
-0.407018
-0.179458
-0.719951
0.0
0.511165
0.511165
1.183497
1.183497
0.465203
-0.796891
-0.796891
1.37404
-0.569631
0.0
0.0
-1.124455
-1.124455
-0.287906
-0.287906
0.199736
-0.036902
-0.036902
0.657639
-0.68922
0.0
0.0
-1.58523
-1.58523
-0.011282
-0.011282
0.139305
-0.863396
-0.863396
0.27017
-1.060234
0.0
0.0
-2.035711
-2.035711
0.660423
0.660423
-1.885874
-1.614662
-1.614662
-0.232027
-0.984761
0.0
0.0
1.111779
1.111779
-0.884198
-0.884198
-0.341343
1.508953
1.508953
1.44381
-1.240357
0.0
0.0
1.428653
1.428653
-0.45835
-0.45835
-1.553228
0.778216
0.778216
0.554608
-0.999983
0.0
0.0
2.396111
2.396111
-0.363759
-0.363759
-0.10791
0.19929
0.19929
0.234085
-0.475345
0.0
0.0
1.237969
1.237969
-0.209894
-0.209894
-2.109948
-0.614684
-0.614684
-0.998561
-0.131336
0.0
0.0
-1.756722
-1.756722
-0.036652
-0.036652
0.263895
0.035138
0.035138
0.837204
1.047289
0.0
0.0
-0.440653
-0.440653
0.67232
0.67232
0.006306
-0.428561
-0.428561
0.587774
0.839421
0.0
0.0
-0.726831
-0.726831
0.594171
0.594171
0.79146
-1.481946
-1.481946
-0.228663
0.71126
0.0
0.0
-1.33976
-1.33976
0.544715
0.544715
0.575444
-1.10982
-1.10982
-0.463146
0.680926
0.0
0.0
0.076754
0.076754
0.449659
0.449659
-0.130386
0.578406
0.578406
-0.368394
0.199409
0.0
0.0
0.0058
0.0058
0.2145
0.2145
0.098082
0.569665
0.569665
-0.111614
0.195325
0.0
0.0
0.360385
0.360385
0.056151
0.056151
1.240459
0.250487
0.250487
0.531316
-0.229013
0.0
0.0
-0.269891
-0.269891
0.760923
0.760923
0.571286
0.620223
0.620223
0.323165
-0.501522
0.0
0.0
0.0
0.0
0.0
0.0
0
0.0
0.0
0.0
0.0
0.0
0.0
-0.973297
-1.517832
-0.453346
-0.453346
-1.35665
-1.35665
-0.319844
2.032797
2.032797
-8.295223
-1.062796
-1.062796
0.353811
0.286064
0.0
0.0
0.411731
0.29216
-0.499057
-0.499057
-1.446751
-1.446751
-2.235498
0.416799
0.416799
-1.393542
-1.054515
-1.054515
-0.426731
1.074953
0.0
0.0
0.665499
0.026702
-0.890729
-0.890729
-1.308733
-1.308733
-0.680499
-1.504588
-1.504588
-4.668343
-0.58277
-0.58277
-0.346901
0.037999
0.0
0.0
0.399654
0.164956
-0.598907
-0.598907
-0.905206
-0.905206
-2.638375
-0.326686
-0.326686
-1.902838
1.037044
1.037044
0.12999
0.288992
0.0
0.0
-0.174336
-0.290149
-0.46464
-0.46464
0.161216
0.161216
-1.137282
-0.376706
-0.376706
0.170069
-0.151216
-0.151216
-0.890135
-0.119437
0.0
0.0
-1.090391
-0.039305
-0.350326
-0.350326
-0.286213
-0.286213
-1.953494
1.758026
1.758026
-8.945974
0.397082
0.397082
-0.143887
0.405151
0.0
0.0
-0.506103
-0.001165
-0.784577
-0.784577
0.512434
0.512434
-0.473485
0.047877
0.047877
-2.967422
0.686797
0.686797
0.422143
0.745554
0.0
0.0
0.387844
0.381609
-1.202137
-1.202137
0.808301
0.808301
-1.085711
0.319198
0.319198
10.648591
0.289298
0.289298
0.66966
0.365178
0.0
0.0
-0.373737
-0.222177
-1.168344
-1.168344
-1.251717
-1.251717
0.004937
0.352957
0.352957
8.758927
-0.287431
-0.287431
-0.434556
0.776482
0.0
0.0
1.326161
1.1036
-0.605086
-0.605086
-1.296922
-1.296922
-1.361357
1.229852
1.229852
2.764021
-0.910644
-0.910644
-1.871565
0.453562
0.0
0.0
-0.315206
-0.641127
-0.953259
-0.953259
-1.370692
-1.370692
-0.519217
-0.680797
-0.680797
-11.637169
-0.405262
-0.405262
-2.174003
1.284891
0.0
0.0
0.969203
0.323921
-0.543507
-0.543507
-1.478502
-1.478502
-1.706865
-0.169729
-0.169729
9.144293
0.244979
0.244979
-2.622495
-0.025918
0.0
0.0
-0.909534
-0.535118
-0.484903
-0.484903
-0.484802
-0.484802
-0.049895
0.334297
0.334297
-2.338973
0.812607
0.812607
0.644763
-0.014698
0.0
0.0
0.484584
-0.294284
-0.492856
-0.492856
-0.674265
-0.674265
0.303669
-1.723622
-1.723622
-3.177255
0.293715
0.293715
0.905809
-0.565722
0.0
0.0
-0.019645
0.27347
-0.52068
-0.52068
-0.990909
-0.990909
0.107555
-1.875621
-1.875621
10.60121
0.648508
0.648508
0.138696
-1.274948
0.0
0.0
-0.343207
-1.104277
-0.321818
-0.321818
0.156045
0.156045
-0.937521
1.189428
1.189428
0.532016
1.642935
1.642935
1.077031
-1.246296
0.0
0.0
0.0
0
0.0
0.0
1.067469
1.067469
-0.234566
-0.234566
8.12171
8.12171
-4.578976
-4.578976
26.931563
26.931563
-29.01393
-29.01393
20.972907
20.972907
45.305783
45.305783
-30.754671
-30.754671
8.220516
8.220516
0.339865
0.339865
-25.755419
-25.755419
-12.449269
-12.449269
-22.655282
-22.655282
-16.703338
-16.703338
0.27504
0.27504
-5.306492
-5.306492
-4.775886
-4.775886
1.76873
1.76873
-5.751845
-5.751845
-8.420115
-8.420115
-36.194003
-36.194003
12.317528
12.317528
-15.569882
-15.569882
0.0
-0.01035
-0.01035
-0.824045
-0.824045
-1.127773
-1.127773
-0.113062
-0.113062
-1.930258
-1.930258
-0.186194
-0.186194
-1.408097
-1.408097
-0.796022
-1.591435
-1.591435
-0.419333
-0.419333
-0.383557
-0.383557
1.065042
-0.100353
-0.100353
-0.265568
-0.265568
1.908708
1.253772
1.253772
-1.117104
-1.117104
-1.29459
-1.29459
-0.585937
-0.479037
-0.479037
-1.648541
-1.648541
-0.188352
-0.188352
0.505687
0.0
-1.92429
0.0
0
0.0
-2.068017
-2.068017
-1.474815
-1.474815
0.0
0.481332
0.481332
-0.216727
0.657025
0.657025
0.0
1.647686
1.647686
-0.689879
0.0
1.304522
1.304522
-0.409486
-2.444316
-2.444316
0.0
0.039968
0.039968
1.024311
-1.745936
-1.745936
-0.772033
-1.743822
-0.64022
0.399241
-0.398014
-0.398014
0.375429
1.956754
1.956754
1.086451
1.086451
0.55138
1.546552
1.546552
0.137844
0.137844
-2.680053
0.848083
0.848083
0.120952
0.120952
-0.073629
-0.586773
-0.586773
-1.777949
-0.398225
0.0
0.0
-10.666136
-10.666136
-1.510211
-0.37888
-0.37888
0.359379
0.359379
-0.656687
0.296681
0.296681
0.202768
0.202768
-0.326603
0.930634
0.930634
0.69101
0.69101
0.004646
0.312405
0.312405
0.929119
0.832327
0.0
0.0
-6.382549
-6.382549
-0.050677
0.669635
0.669635
0.674958
0.674958
-0.440639
0.943577
0.943577
0.796056
0.796056
-0.478928
1.007322
1.007322
1.769434
1.769434
1.198062
0.736786
0.736786
2.604502
-2.336405
0.0
0.0
7.833444
7.833444
0.484036
-0.22124
-0.22124
-0.593883
-0.593883
-0.165238
-0.126318
-0.126318
-1.174835
-1.174835
-0.542742
-0.192827
-0.192827
-1.4679
-1.4679
-0.616956
-0.439038
-0.439038
0.044854
-0.563833
0.0
0.0
0.0
0
0.036176
0.0
0.0
0
0.392927
0.26836
0.26836
0.434488
-0.317613
-0.317613
-1.00786
-1.00786
-0.810317
-0.810317
-0.712189
-0.712189
-0.12536
-0.12536
0.690131
0.690131
22.121737
-1.241586
-1.241586
-0.994173
0.236086
0.236086
0.686298
0.686298
1.030237
-1.636747
-1.636747
-0.059453
-0.059453
-1.792433
-1.792433
-2.3174
1.445061
-1.197226
-1.197226
-1.785666
-1.785666
-0.191511
-0.525448
-0.525448
-2.063621
0.327077
-4.589947
-1.656595
-0.27254
-0.27254
-0.283711
-0.609736
-0.805511
-0.805511
0.411886
0.411886
-2.93488
-2.93488
0.857311
0.857311
1.530036
1.530036
0.408394
-0.011272
-0.011272
-0.810808
-0.810808
-0.277261
-0.277261
-1.597565
-1.597565
-1.33029
-0.384473
-0.384473
-0.413356
0.291171
0.291171
0.719635
0.719635
-0.819106
-0.186587
0.0
0.0
-0.825988
-0.825988
-0.3228
-0.3228
-0.220857
-0.220857
-0.530465
-0.530465
-1.945523
-1.945523
-42.028687
0.002868
0.002868
1.46662
0.439237
0.439237
0.662551
0.662551
0.292225
0.000855
0.000855
0.924965
0.924965
0.076511
0.076511
-12.23731
1.132067
1.165628
1.165628
-0.325839
-0.325839
-0.036742
-0.465378
-0.465378
10.882484
-0.306269
-0.595807
0.811129
1.314928
1.314928
1.012454
-1.008953
-0.400042
-0.400042
1.730247
1.730247
0.233426
0.233426
-0.123469
-0.123469
-0.213847
-0.213847
1.476687
0.185561
0.185561
-0.494382
-0.494382
-1.201455
-1.201455
-1.682293
-1.682293
-0.470208
0.880533
0.880533
1.103887
0.63378
0.63378
-3.110597
-3.110597
0.118205
-1.497419
0.0
0.0
-2.170426
-2.170426
-1.581309
-1.581309
-1.883214
-1.883214
-0.423313
-0.423313
-3.464709
-3.464709
-44.700746
-0.835909
-0.835909
1.381753
-1.296005
-1.296005
0.154178
0.154178
0.118398
-0.645626
-0.645626
1.361848
1.361848
1.650564
1.650564
-4.723259
0.005467
0.736373
0.736373
1.058486
1.058486
-0.305106
-0.97616
-0.97616
3.492771
-0.038863
-0.12261
-1.936853
0.662968
0.662968
0.395727
-1.312548
1.02198
1.02198
0.868928
0.868928
-2.042594
-2.042594
0.733687
0.733687
0.803448
0.803448
-0.180759
-0.311095
-0.311095
-0.448569
-0.448569
0.156739
0.156739
0.528032
0.528032
1.434007
1.143132
1.143132
2.057209
-1.474903
-1.474903
0.052377
0.052377
-0.662901
1.035906
0.0
0.0
-10.235079
-10.235079
-10.200309
-10.200309
-10.261612
-10.261612
-0.709231
-0.709231
2.173655
2.173655
51.496987
-9.047612
-9.047612
-0.097735
-0.421992
-0.421992
-0.396932
-0.396932
-0.598827
-0.096117
-0.096117
-1.673538
-1.673538
0.94266
0.94266
4.999519
-1.503352
-0.429723
-0.429723
-1.791545
-1.791545
0.076865
-0.227484
-0.227484
-3.548926
1.375988
0.198435
0.539139
0.070854
0.070854
-0.165309
0.553585
0.003736
0.003736
-0.272211
-0.272211
0.163746
0.163746
-0.067779
-0.067779
-0.554461
-0.554461
-0.978346
-0.414121
-0.414121
-0.305738
-0.305738
-0.365442
-0.365442
-2.295501
-2.295501
0.742145
-0.347659
-0.347659
-1.111848
-0.497647
-0.497647
-0.961899
-0.961899
0.775832
0.490844
0.0
0.0
0.0
0
-0.397855
0.389062
0.0
0.375728
0.375728
-0.097026
0.381213
0.660659
0.0
-1.354846
-1.354846
-1.39545
-1.39545
-1.415485
0.965403
0.965403
-0.623433
-0.997856
0.0
0.0
-0.456179
-0.456179
-2.068999
-2.068999
-2.501307
-0.180258
-0.180258
-0.57876
-0.41001
0.0
0.0
-0.79835
-0.79835
-2.454699
-2.454699
-0.997613
-0.269798
-0.269798
-0.771633
0.652126
0.0
0.0
-0.54271
-0.54271
-2.497621
-2.497621
-0.765213
-0.626073
-0.626073
-0.989339
0.715303
0.0
0.0
0.083531
0.083531
1.506227
1.506227
2.585984
0.124759
0.124759
-0.734004
-1.172853
0.0
0.0
-0.535975
-0.535975
1.71842
1.71842
2.371901
0.653319
0.653319
0.290661
-1.151554
0.0
0.0
0.198311
0.198311
1.618344
1.618344
1.059233
-0.099343
-0.099343
0.828594
-0.366705
0.0
0.0
0.348099
0.348099
1.278925
1.278925
1.292142
-0.196108
-0.196108
0.915877
0.16437
0.0
0.0
-0.601648
-0.601648
1.464984
1.464984
-0.084634
-0.476357
-0.476357
-0.777706
-0.069688
0.0
0.0
-1.563957
-1.563957
0.720395
0.720395
1.179487
-0.11355
-0.11355
-0.487742
-0.012501
0.0
0.0
-2.033038
-2.033038
1.055127
1.055127
0.312497
0.046408
0.046408
-1.543173
-0.066084
0.0
0.0
-1.271338
-1.271338
1.244176
1.244176
0.504552
0.161525
0.161525
-0.669185
-0.143358
0.0
0.0
-0.196959
-0.196959
-0.022699
-0.022699
1.46894
-1.022828
-1.022828
-0.439393
1.442675
0.0
0.0
-0.555814
-0.555814
-0.307956
-0.307956
-0.176964
-0.694462
-0.694462
-1.112444
0.918352
0.0
0.0
-0.594369
-0.594369
-0.116659
-0.116659
0.41057
-0.010056
-0.010056
-1.238272
0.228579
0.0
0.0
-0.001125
-0.001125
0.122377
0.122377
-1.239683
0.339062
0.339062
-0.64908
-0.065772
0.0
0.0
0.0
